function [ListOx,ListEl,NbEl,NbOx,MolarW] = XMF_StructuralFormulaDefinitions(Mode)
%

% Oxide data extracted by PL from XMap_OxideData.txt (last change 11.03.2020)
%
ListOx = {'Al2O3','As2O3','Au2O','B2O3','BaO','BeO','CO2','CaO','CeO2','Ce2O3','CoO','Cr2O3','Cs2O','CuO','Dy2O3','Er2O3','EuO','Eu2O3','FeO','Fe2O3','Ga2O3','Gd2O3','GeO2','H2O','HfO2','Ho2O3','K2O','La2O3','Li2O','Lu2O3','MgO','MnO','MnO2','Mn3O4','MoO3','Na2O','Nb2O5','Nd2O3','NiO','P2O5','PbO','Pr2O3','Rb2O','SO3','Sb2O3','Sc2O3','SiO2','Sm2O3','SnO2','SrO','Ta2O5','Tb2O3','ThO2','TiO2','Ti2O3','Tm2O3','UO2','U3O8','V2O5','WO3','Y2O3','Yb2O3','ZnO','ZrO2'};
ListEl = {'Al','As','Au','B','Ba','Be','C','Ca','Ce','Ce','Co','Cr','Cs','Cu','Dy','Er','Eu','Eu','Fe','Fe','Ga','Gd','Ge','H','Hf','Ho','K','La','Li','Lu','Mg','Mn','Mn','Mn','Mo','Na','Nb','Nd','Ni','P','Pb','Pr','Rb','S','Sb','Sc','Si','Sm','Sn','Sr','Ta','Tb','Th','Ti','Ti','Tm','U','U','V','W','Y','Yb','Zn','Zr'};

NbEl = [2,2,2,2,1,1,1,1,1,2,1,2,2,1,2,2,1,2,1,2,2,2,1,2,1,2,2,2,2,2,1,1,1,3,1,2,2,2,1,2,1,2,2,1,2,2,1,2,1,1,2,2,1,1,2,2,1,3,2,1,2,2,1,1];
NbOx = [3,3,1,3,1,1,2,1,2,3,1,3,1,1,3,3,1,3,1,3,3,3,2,1,2,3,1,3,1,3,1,1,2,4,3,1,5,3,1,5,1,3,1,3,3,3,2,3,2,1,5,3,2,2,3,3,2,8,5,3,3,3,1,2];
MolarW = [101.9613,197.89,409.93,69.6182,153.3394,25.0116,44.0098,56.0794,172.1188,328.2382,74.9326,151.9902,281.8102,79.5454,372.9982,382.5182,167.9594,351.9182,71.8464,159.6922,187.4382,362.4982,104.5858,18.0152,210.4888,377.8588,94.1954,325.8092,29.8814,397.9382,40.3044,70.9374,86.9368,228.8116,143.94,61.9789,265.8098,336.4782,74.7094,141.9445,223.1994,329.8136,186.935,80.0582,291.4982,137.91,60.0848,348.7982,150.6888,103.6194,441.8928,365.849,264.0369,79.8988,143.7982,385.8666,270.0278,842.0822,181.8798,231.85,255.81,394.0782,81.3794,123.2188];

return